# Small PfamScan-format example for two human NOTCH2 proteins from Ensembl release 109.
# The columns used by scripts/build_custom_domain.R are:
# sequence_id, alignment_start, alignment_end, envelope_start, envelope_end, hmm_acc, hmm_name.
ENSP00000256646 68 99 68 99 PF00008.1 EGF 1 32 1.0e-20 100.0 0.0 1
ENSP00000256646 113 140 113 140 PF00008.1 EGF 1 28 1.0e-20 100.0 0.0 1
ENSP00000256646 148 177 148 177 PF00008.1 EGF 1 30 1.0e-20 100.0 0.0 1
ENSP00000256646 182 214 182 214 PF07645.1 EGF_CA 1 33 1.0e-20 100.0 0.0 1
ENSP00000256646 269 288 269 288 PF12661.1 hEGF 1 20 1.0e-20 100.0 0.0 1
ENSP00000256646 298 331 298 331 PF07645.1 EGF_CA 1 34 1.0e-20 100.0 0.0 1
ENSP00000256646 347 367 347 367 PF12661.1 hEGF 1 21 1.0e-20 100.0 0.0 1
ENSP00000256646 379 410 379 410 PF00008.1 EGF 1 32 1.0e-20 100.0 0.0 1
ENSP00000256646 415 449 415 449 PF07645.1 EGF_CA 1 35 1.0e-20 100.0 0.0 1
ENSP00000256646 460 489 460 489 PF00008.1 EGF 1 30 1.0e-20 100.0 0.0 1
ENSP00000256646 498 527 498 527 PF00008.1 EGF 1 30 1.0e-20 100.0 0.0 1
ENSP00000256646 536 564 536 564 PF00008.1 EGF 1 29 1.0e-20 100.0 0.0 1
ENSP00000256646 579 599 579 599 PF12661.1 hEGF 1 21 1.0e-20 100.0 0.0 1
ENSP00000256646 611 640 611 640 PF00008.1 EGF 1 30 1.0e-20 100.0 0.0 1
ENSP00000256646 649 678 649 678 PF00008.1 EGF 1 30 1.0e-20 100.0 0.0 1
ENSP00000256646 691 711 691 711 PF12661.1 hEGF 1 21 1.0e-20 100.0 0.0 1
ENSP00000256646 729 749 729 749 PF12661.1 hEGF 1 21 1.0e-20 100.0 0.0 1
ENSP00000256646 761 789 761 789 PF00008.1 EGF 1 29 1.0e-20 100.0 0.0 1
ENSP00000256646 799 829 799 829 PF00008.1 EGF 1 31 1.0e-20 100.0 0.0 1
ENSP00000256646 837 869 837 869 PF00008.1 EGF 1 33 1.0e-20 100.0 0.0 1
ENSP00000256646 873 904 873 904 PF07645.1 EGF_CA 1 32 1.0e-20 100.0 0.0 1
ENSP00000256646 915 944 915 944 PF00008.1 EGF 1 30 1.0e-20 100.0 0.0 1
ENSP00000256646 953 982 953 982 PF00008.1 EGF 1 30 1.0e-20 100.0 0.0 1
ENSP00000256646 996 1017 996 1017 PF12661.1 hEGF 1 22 1.0e-20 100.0 0.0 1
ENSP00000256646 1029 1059 1029 1059 PF00008.1 EGF 1 31 1.0e-20 100.0 0.0 1
ENSP00000256646 1067 1097 1067 1097 PF00008.1 EGF 1 31 1.0e-20 100.0 0.0 1
ENSP00000256646 1120 1145 1120 1145 PF00008.1 EGF 1 26 1.0e-20 100.0 0.0 1
ENSP00000256646 1153 1182 1153 1182 PF00008.1 EGF 1 30 1.0e-20 100.0 0.0 1
ENSP00000256646 1196 1216 1196 1216 PF12661.1 hEGF 1 21 1.0e-20 100.0 0.0 1
ENSP00000256646 1229 1260 1229 1260 PF00008.1 EGF 1 32 1.0e-20 100.0 0.0 1
ENSP00000256646 1308 1341 1308 1341 PF00008.1 EGF 1 34 1.0e-20 100.0 0.0 1
ENSP00000256646 1423 1456 1423 1456 PF00066.1 Notch 1 34 1.0e-20 100.0 0.0 1
ENSP00000256646 1463 1497 1463 1497 PF00066.1 Notch 1 35 1.0e-20 100.0 0.0 1
ENSP00000256646 1501 1534 1501 1534 PF00066.1 Notch 1 34 1.0e-20 100.0 0.0 1
ENSP00000256646 1539 1594 1539 1594 PF06816.1 NOD 1 56 1.0e-20 100.0 0.0 1
ENSP00000256646 1618 1671 1618 1671 PF07684.1 NODP 1 54 1.0e-20 100.0 0.0 1
ENSP00000256646 1877 1908 1877 1908 PF00023.1 Ank 1 32 1.0e-20 100.0 0.0 1
ENSP00000256646 1924 2006 1924 2006 PF12796.1 Ank_2 1 83 1.0e-20 100.0 0.0 1
ENSP00000256646 2011 2040 2011 2040 PF00023.1 Ank 1 30 1.0e-20 100.0 0.0 1
ENSP00000499202 68 99 68 99 PF00008.1 EGF 1 32 1.0e-20 100.0 0.0 1
ENSP00000499202 111 140 111 140 PF00008.1 EGF 1 30 1.0e-20 100.0 0.0 1
ENSP00000499202 148 177 148 177 PF00008.1 EGF 1 30 1.0e-20 100.0 0.0 1
ENSP00000499202 182 214 182 214 PF07645.1 EGF_CA 1 33 1.0e-20 100.0 0.0 1
